0.0 0.0 0.01347232095191002
0.05263157894736842 1.2274826937549932 0.036616856049937176
0.10526315789473684 4.876448246942886 0.09950015464624792
0.15789473684210525 10.847362391415999 0.27021280621265853
0.21052631578947367 18.977354154324587 0.732624788861303
0.2631578947368421 29.04465855368332 1.9776496735067723
0.3157894736842105 40.7746657689816 5.276201535244137
0.3684210526315789 53.84741178123275 13.654472403823839
0.42105263157894735 67.90630615732807 32.836594285144145
0.47368421052631576 82.56785890749009 67.95732038366617
0.5263157894736842 97.43214109250991 112.04267961633383
0.5789473684210527 112.09369384267194 147.16340571485586
0.631578947368421 126.15258821876725 166.34552759617617
0.6842105263157895 139.22533423101842 174.72379846475584
0.7368421052631579 150.95534144631668 178.02235032649324
0.7894736842105263 161.0226458456754 179.2673752111387
0.8421052631578947 169.15263760858403 179.72978719378733
0.8947368421052632 175.12355175305711 179.90049984535375
0.9473684210526315 178.772517306245 179.96338314395007
1.0 180.0 179.9865276790481
