date    temp_ave temp_max temp_min temp_med co2_ave  co2_max  co2_min  co2_med  hum_ave  hum_max  hum_min  hum_med
2020-01       17       25       11       16       37       61       25       37      751     2000      425      647
2020-02       18       25       10       18       34       52       17       34      744     2000      430      635
2020-03       19       25       14       20       36       51       21       37      707     2000      435      624
2020-04       20       25       16       20       38       53       24       39      610     1332      424      557
2020-05       23       26       21       24       49       66       23       51      525      929      428      507
2020-06       25       29       20       26       60       80       41       60      522      840      435      514
2020-07       26       30       23       26       66       79       48       67      537     1469      438      522
2020-08       27       33       21       27       58       77       38       59      544     1079      440      526
2020-09       25       27       22       25       54       74       42       54      524     1503      429      507
2020-10       22       26       19       23       47       71       23       49      520     1107      436      511
2020-11       21       27       16       21       36       63       16       36      531     1017      438      515
2020-12       18       25       13       18       34       51       13       35      519      762      437      511
2021-01       15       24        9       15       24       43        8       25      525      880      427      510
2021-02       17       24       12       17       23       50        9       21      520      834      424      507
2021-03       20       24       13       21       33       57       14       33      534     1055      422      516
2021-04       21       24       18       22       35       66       13       36      527     1943      427      501
2021-05       23       27       21       24       48       72       23       49      518      975      428      503
2021-06       26       30       23       26       51       69       35       52      538      931      440      515
2021-07       26       31       23       26       60       76       38       60      577     2000      435      526
2021-08       27       31       23       27       58       73       41       59      545      863      435      525
2021-09       25       29       24       26       57       72       42       57      553     1137      431      520
2021-10       23       27       19       24       48       62       27       51      545      982      432      525
2021-11       20       25       16       21       36       65       19       35      544      859      436      525
2021-12       18       23       12       19       28       58       14       27      568      962      435      547
